20644404
20739508
20746878
22736350
22742507
22742507
22743075
23311866
23685007
23891403
23891407
23891966
23892123
23892138
23892192
28459446
28595408
28798782
28804876
28804876
38776562
40648297
40648315
42977618
43817910
43817926
43817936
43827241
56958967
72954880
74366901
75558733
75583009
82636999
82637002
82637003
82637261
82726388
82726390
82934322
82934325
82934326
82934566
82934566
82934566
82934566
83013283
83013283
83013286
83013286
83013287
83013287
83013527
83013527
83013527
83013527
83102913
83102915
84908694
84908694
84908694
84909072
84909072
84909132
84909388
85164563
85787809
89398164
89398654
90175876
102292666
