6.016129
65.695656
7.388889
7.388889
50.583332
17.567568
13.113208
5.016129
87.59375
9.217391
5.148936
4.121212
4.845361
7.366197
9.466666
5.887097
79.695656
4.388889
79.73333
26.379311
5.580645
5.264706
4.909091
4
4.227273
7.807693
4.369565
5.555555
5.555555
7.363636
7.73913
7.363636
7.363636
6.055555
10.269231
12.96
11.333333
6.333333
12.423077
5.055555
9.269231
11.958333
20.333334
20.333334
10.166667
10.166667
5.055555
5.055555
9.269231
9.269231
11.958333
11.958333
22.333334
22.333334
11.166667
11.166667
6.333333
12.423077
17.333334
17.333334
17.333334
7.023809
7.023809
10.130435
5.055555
5.867347
19.333334
8.85
32.799999
11.777778
10.039216
